1 0
2 5
3 22
4 27
8 32
9 68
10 80
11 87
12 94
16 108
18 136
19 143
20 150
24 157
26 276
27 556
28 654
32 1340
36 1347
40 1354
42 1410
43 1550
44 1669
48 1998
52 2005
56 2012
58 2103
59 2376
60 2495
64 2740
66 2936
67 2950
68 3069
72 3111
74 3426
75 3461
76 3573
80 3790
83 3825
84 3839
88 3867
90 3895
91 3958
92 3986
96 4014
104 4028
106 4052
107 4308
108 4460
128 4628
130 5100
131 6140
132 6676
136 8892
137 9100
138 9108
139 9292
140 9444
144 9732
145 9748
160 9756
162 9804
163 9948
164 10004
170 10740
184 10796
186 11004
187 11588
188 11908
192 12244
194 12476
195 13100
196 13404
200 13756
202 14260
203 15156
204 15900
208 16804
210 17276
211 17764
212 18116
216 18436
218 18620
219 18948
220 19172
224 19332
226 19804
227 20220
228 20436
256 20580
258 20948
259 21372
260 21748
264 22492
265 22716
266 22724
267 22740
268 22820
272 22932
275 23052
276 23100
296 23348
299 23364
300 23380
304 23396
306 23756
307 24308
308 24988
328 25668
330 25812
331 26044
332 26612
336 26868
338 27044
339 27372
340 27516
344 27708
346 27756
347 27820
348 28044
352 28116
355 28220
356 28332
384 28364
386 28556
387 29876
388 30436
416 31980
420 32028
456 32700
458 33052
459 33748
460 33820
464 34076
466 34172
467 34492
468 34780
480 35124
482 35404
483 35588
484 35892
512 35956
520 35964
521 36236
522 36284
523 36516
524 36548
528 36756
529 36996
530 37020
531 38052
532 38084
552 38252
554 38276
555 38292
556 38428
560 38556
561 38796
563 38804
564 38820
568 39284
570 39492
571 39588
572 39844
584 40124
587 40292
588 40404
592 40564
595 40628
596 40700
600 40820
603 40980
604 41076
608 41284
610 41428
611 41444
612 41588
640 41788
642 41900
643 41924
644 42236
672 43740
674 43836
675 43972
676 43996
696 44044
699 44436
700 44540
712 44556
715 44732
716 44876
720 45212
723 45596
724 45628
736 45724
739 45836
740 46100
768 46324
769 46404
770 46412
771 46428
772 46540
1024 46852
1032 46861
1033 46942
1034 46969
1036 47050
1040 47122
1042 47257
1043 47392
1044 47464
1064 47797
1066 47815
1067 47896
1068 47932
1072 47995
1074 48157
1075 48418
1076 48436
1080 48697
1082 48760
1083 48985
1084 48994
1088 49120
1090 49156
1091 49237
1092 49408
1096 49426
1098 49525
1099 49759
1100 49768
1104 49957
1106 50002
1107 50047
1108 50074
1112 50101
1114 50200
1115 50425
1116 50461
1120 50497
1122 50740
1123 51163
1124 51208
1152 51262
1154 51739
1155 52297
1156 52504
1184 52828
1187 52891
1188 52945
1208 52954
1210 53152
1211 53224
1212 53377
1224 53548
1226 53665
1227 53818
1228 53845
1232 53908
1234 53962
1235 54115
1236 54142
1248 54178
1250 54286
1251 54772
1252 54781
1280 54799
1282 54988
1283 55366
1284 55519
1536 55654
1544 55663
1545 55726
1546 55798
1547 55915
1548 56023
1552 56194
1553 56203
1554 56212
1555 56518
1556 56563
1561 57562
1578 57598
1579 57679
1580 57715
1586 57850
1587 58246
1588 58408
1592 58678
1594 58705
1595 59029
1596 59110
1602 59497
1603 59713
1604 59812
1610 59902
1611 60217
1612 60307
1616 60595
1617 60622
1618 60631
1619 60775
1620 60784
1626 60838
1627 61207
1634 61342
1635 61900
1636 62026
1664 62161
1666 62179
1667 62629
1668 62953
1696 63448
1700 63475
1720 63709
1722 63718
1723 63826
1724 63970
1728 64033
1732 64042
1738 64069
1739 64285
1740 64600
1746 64690
1747 65113
1762 65347
1763 65644
1764 65734
1794 65770
1795 65833
1796 66004
2048 66409
2056 66418
2058 66544
2059 66769
2060 66868
2066 66922
2068 66958
2096 66967
2098 67192
2099 67255
2100 67471
2114 67957
2115 68020
2116 68110
2120 68128
2122 68371
2123 68875
2124 68965
2128 69289
2130 69559
2131 69919
2132 69946
2136 70261
2138 70423
2139 70504
2140 70693
2144 70711
2146 71206
2147 71377
2148 71422
2236 71575
2304 71584
2306 72124
2307 73240
2308 73726
2404 74482
2560 74491
2568 74500
2569 74617
2570 74662
2571 75040
2572 75049
2585 75076
2586 75157
2600 75274
2603 75310
2604 75400
2611 75877
2616 75895
2618 76003
2619 76012
2620 76201
2624 76462
2627 76570
2628 76660
2632 76948
2635 77380
2636 77587
2644 78208
2648 78217
2651 78343
2652 78487
2656 78748
2659 78910
2660 78946
2688 79126
2690 79369
2691 79927
2692 80233
2696 80908
2699 80917
2720 80926
2722 80944
2723 81637
2744 81646
2747 81916
2748 81979
2752 82222
2760 82258
2763 82438
2764 82591
2776 82942
2784 82951
2786 83104
2787 83113
2788 83221
2816 83419
2818 83518
2819 83905
2820 84094
2832 84292
2834 84364
2835 84607
2836 84859
2864 85228
2867 85408
2868 85435
2888 85759
2891 85831
2892 85840
2896 86002
2899 86209
2900 86236
2912 86524
2915 86758
2916 86866
3072 87127
3080 87136
3083 87307
3084 87379
3100 88036
3112 88153
3114 88198
3116 88531
3128 88720
3129 89089
3130 89098
3131 89386
3132 89413
3136 89431
3137 89476
3138 89494
3139 89620
3140 89728
3144 89773
3146 89971
3147 90466
3148 90745
3160 90907
3162 90988
3163 91483
3164 91654
3170 91708
3200 91888
3202 91951
3203 92482
3204 92581
3232 93067
3235 93103
3236 93166
3256 93220
3258 93337
3259 93643
3260 93715
3272 93850
3274 94012
3275 94291
3276 94579
3296 94651
3298 94813
3299 95074
3300 95227
3328 95263
3330 95380
3331 95947
3332 96001
3344 96073
3346 96424
3347 96820
3348 96982
3376 97108
3378 97180
3379 97351
3380 97450
3400 97549
3402 97612
3403 97765
3404 97801
3408 97828
3410 97945
3411 98188
3412 98233
3424 98260
3426 98341
3427 98971
3428 99070
3584 99124
3593 99133
3594 99169
3595 99250
3596 99295
3608 99637
3609 99646
3610 99655
3612 99673
3626 99754
3627 99835
3628 99970
3634 100114
3635 100123
3636 100222
3640 100303
3642 100339
3643 100591
3644 100735
3649 100780
3650 100789
3651 100843
3652 100870
3656 100987
3658 101005
3659 101194
3660 101311
3667 101356
3668 101365
3672 101410
3673 101419
3674 101428
3675 101464
3676 101509
3682 101536
3684 101608
3714 101644
3715 102076
3716 102373
3722 102787
3744 102814
3746 102868
3748 102877
3771 103570
3772 103714
3776 103759
3778 103768
3779 103822
3780 103930
3786 104011
3787 104137
3788 104362
3794 104470
3795 104542
3802 104551
3804 104587
3810 104605
3811 104821
3812 104848
3842 104983
3843 105082
3844 105145
3858 105172
3859 105280
3860 105316
3915 105541
3922 105604
3924 105613
3938 105631
3939 105820
3940 105847
3970 105874
3971 105883
3972 105910
4004 106027
4096 106090
4104 106099
4105 106216
4106 106243
4107 106306
4108 106333
4113 106666
4121 106675
4124 106693
4138 107008
4139 107242
4140 107269
4144 107521
4146 107530
4147 107827
4148 108268
4152 108538
4154 108565
4155 108853
4156 109033
4160 109204
4161 109222
4162 109231
4163 109582
4164 109654
4170 109717
4171 110122
4172 110374
4184 110590
4186 110599
4187 110941
4188 111058
4194 111121
4195 111265
4196 111283
4224 111346
4225 111355
4226 111364
4227 112345
4228 112669
4235 114442
4256 114460
4258 114469
4259 114478
4260 114505
4280 114991
4282 115000
4283 115477
4284 115639
4288 115846
4289 115873
4290 115891
4291 116458
4292 116575
4298 116782
4299 117430
4300 117592
4306 117907
4307 118420
4308 118600
4314 118798
4315 119050
4316 119212
4320 119392
4322 119428
4323 120454
4324 120499
4352 120562
4354 120571
4355 120922
4356 121120
4368 122101
4370 122128
4371 122416
4372 122596
4426 122965
4427 123163
4428 123181
4432 123226
4434 123244
4435 123469
4436 123496
4450 123532
4451 124009
4452 124126
4482 124261
4483 124405
4484 124765
4516 125008
4554 125143
4555 125224
4562 125260
4608 125269
4616 125278
4617 125323
4618 125341
4619 125386
4620 125395
4632 125413
4633 125710
4634 125746
4635 126430
4636 126592
4648 126709
4651 126997
4652 127042
4659 127321
4664 127330
4667 127843
4668 128221
4672 128419
4674 128698
4675 128707
4676 128851
4680 129184
4683 129778
4684 130075
4688 130345
4690 130372
4691 130381
4692 130408
4696 130480
4699 130867
4700 130939
4704 131011
4707 131218
4708 131371
4864 131497
4866 131911
4867 131947
4868 132559
4872 132847
4875 133225
4876 133270
4880 133369
4881 133657
4882 133675
4883 133909
4884 134116
4904 134170
4907 134206
4908 134242
4912 134404
4915 134980
4916 135403
4936 135862
4939 136141
4940 136339
4947 136654
4948 136852
4952 136933
4955 137131
4956 137257
4960 137329
4963 137851
4964 138085
5120 138274
5128 138283
5131 138337
5132 138382
5144 138409
5146 138814
5147 138895
5148 139048
5160 139453
5163 139525
5164 139759
5176 139921
5179 139966
5180 140074
5184 140146
5187 140218
5188 140254
5192 140452
5195 140623
5196 140830
5203 140974
5204 141100
5208 141145
5210 141298
5211 141307
5212 141343
5216 141550
5219 141820
5376 141856
5379 142108
5380 142144
5384 142288
5387 142450
5388 142513
5395 142585
5396 142594
5416 142810
5419 142873
5420 142891
5424 143188
5426 143350
5427 143692
5428 143818
5448 144169
5451 144205
5456 144304
5459 144574
5460 144709
5464 144790
5466 144952
5467 145042
5468 145069
5472 145285
5475 145438
5476 145492
5632 145537
5640 145546
5641 145555
5642 145564
5643 145591
5656 145600
5658 145735
5659 146698
5660 146716
5672 147076
5674 147148
5675 147319
5676 147391
5680 147607
5683 147652
5688 147670
5690 147706
5691 148030
5692 148066
5696 148570
5698 148588
5699 148849
5700 148876
5704 149101
5706 149245
5707 149632
5708 149776
5714 150460
5715 150514
5716 150604
5720 150622
5722 150667
5723 150874
5724 150883
5728 150928
5729 150973
5730 150991
5732 151252
5888 151306
5890 151828
5891 152485
5892 152647
5896 153259
5898 153367
5900 153754
5904 154078
5905 154087
5906 154123
5907 154195
5908 154294
5930 155086
5932 155284
5936 155374
5938 155896
5939 156094
5940 156319
5960 157291
5962 157471
5963 157939
5964 158047
5968 158470
5970 158632
5971 158857
5972 158884
5976 159046
5977 159199
5978 159217
5979 159721
5980 159883
5984 160000
5986 160180
5987 160828
5988 160873
6144 160972
6272 160981
6274 162214
6275 163744
6276 164167
6280 165580
6282 165922
6283 166390
6284 166723
6304 166849
6306 167218
6307 168379
6308 168478
6328 169036
6330 169828
6331 169837
6332 170602
6336 171097
6339 171421
6340 171781
6344 172186
6347 173284
6348 173914
6352 174841
6355 175372
6356 175696
6360 176425
6363 176722
6364 176875
6368 177127
6371 177739
6372 177991
6528 178567
6530 179107
6531 179791
6532 180106
6560 181159
6562 181186
6563 182572
6564 182599
6600 182608
6603 182896
6604 183085
6608 183589
6611 183985
6612 184012
6624 184552
6627 184633
6628 184966
6656 184984
6657 185002
6784 185011
6786 185551
6787 186910
6788 187396
6792 188404
6794 188440
6795 188449
6796 188476
6816 188665
6818 188701
6819 188737
6820 188755
6840 189232
6842 189592
6843 190033
6844 190141
6848 190429
6850 190852
6851 191572
6852 191599
6856 191626
6858 192607
6859 193174
6860 193435
6864 193912
6866 194182
6867 194632
6868 194776
6872 194902
6874 195226
6875 195451
6876 195586
6880 195667
6882 196036
6883 196252
6884 196378
7040 196612
7042 197251
7043 197755
7044 197881
7072 198196
7074 198232
7076 198241
7112 198817
7114 198934
7115 199465
7116 199591
7120 199699
7122 199762
7136 199888
7138 199951
7139 200329
7140 200347
7168 200365
7296 200374
7298 202147
7299 202840
7300 203263
7304 204208
7306 204370
7307 204991
7308 205000
7328 205216
7330 205405
7331 206053
7332 206152
7352 207142
7354 207988
7355 208114
7356 208195
7360 208501
7363 208852
7364 208942
7368 209203
7370 209914
7371 210706
7372 211210
7376 212029
7378 212389
7379 212461
7380 212479
7384 212740
7386 213028
7387 213190
7388 213379
7392 213766
7393 214054
7394 214063
7395 214342
7396 214432
7552 214657
7554 215188
7555 215251
7556 215530
7584 216340
7586 216457
7587 216628
7588 216664
7624 216943
7626 217528
7627 217906
7628 217996
7632 218365
7634 218644
7636 219130
7648 219436
7650 219616
7652 219661
7680 219697
7682 220318
7683 220975
7684 221569
7688 223074
7690 223299
7691 223479
7692 223668
7704 223938
7705 224010
7706 224055
7707 224658
7708 224712
7720 224946
7722 225126
7723 225198
7724 225234
7732 225306
7736 225324
7738 225540
7739 225558
7740 225639
7744 226053
7746 226368
7747 226413
7748 226503
7752 226836
7755 227304
7756 227574
7760 227916
7763 228645
7764 229023
7768 229401
7771 229599
7772 229680
7776 229923
7779 230427
7780 230517
7936 230760
7938 231156
7939 231570
7940 231912
7944 232551
7947 232605
7952 232623
7954 232695
7956 233613
7976 233622
7979 233631
7980 233640
7984 233658
7987 233802
7988 233820
8008 234009
8011 234198
8012 234234
8016 234432
8019 234531
8020 234612
8024 234630
8027 234783
8028 234792
8032 234900
8035 235233
8036 235314
8192 235593
8194 235971
8195 236493
8196 236853
8200 237519
8202 237771
8203 238059
8204 238086
8216 238248
8218 238302
8219 238311
8220 238383
8232 238645
8234 238726
8235 238834
8236 238870
8248 238933
8250 239068
8251 239248
8252 239347
8256 239410
8258 239545
8259 239977
8260 240085
8264 240175
8266 240364
8267 240931
8268 241246
8272 241381
8274 241552
8275 242092
8276 242218
8280 242389
8282 242560
8283 242812
8284 242929
8288 243019
8290 243379
8291 244009
8292 244108
8448 244171
8450 244288
8451 244639
8452 244855
8456 245278
8459 245314
8460 245341
8464 245350
8468 245359
8490 245719
8491 245728
8492 245746
8496 245782
8498 245827
8499 246070
8500 246079
8520 246142
8522 246241
8523 246394
8524 246475
8528 246538
8530 246682
8531 246961
8536 247105
8538 247321
8539 247411
8540 247483
8544 247564
8546 247807
8547 248014
8548 248041
8704 248104
8705 248527
8706 248545
8707 248914
8708 249076
8712 250156
8714 250480
8715 250489
8716 250543
8728 250804
8730 250903
8731 251083
8732 251119
8744 251461
8747 251488
8748 251515
8754 251569
8760 251578
8762 251785
8763 251893
8764 251929
8768 252100
8770 252136
8771 252145
8772 252235
8776 252451
8779 252892
8780 253045
8784 253639
8786 254206
8787 254224
8788 254476
8792 254719
8793 254890
8795 254899
8796 254944
8800 255016
8802 255340
8803 255421
8804 255502
8960 255727
8962 256195
8963 256438
8964 256726
8968 257338
8971 257383
8972 257392
8976 257410
8980 257437
9000 257662
9003 257725
9004 257734
9010 257797
9011 257815
9012 257824
9032 257995
9036 258022
9043 258049
9044 258112
9048 258229
9051 258409
9052 258535
9216 258598
9220 258607
9243 258688
9244 258724
9274 258769
9275 258859
9276 258895
9282 258922
9283 259183
9284 259228
9290 259246
9291 259435
9298 259633
9299 259822
9300 259966
9306 260308
9307 260425
9308 260488
9312 260524
9314 260542
9315 260632
9316 260641
9474 260659
9475 261091
9476 261181
9490 261388
9492 261397
9522 261559
9523 261640
9524 261712
9546 261919
9547 261964
9552 262216
9554 262225
9556 262234
9570 262297
9571 262846
9572 262963
9728 262972
9729 263728
9731 263746
9732 264043
9736 264250
9738 264376
9739 264574
9754 264592
9755 265078
9756 265087
9768 265204
9771 265294
9772 265393
9778 265474
9784 265492
9786 265591
9787 265609
9788 265789
9792 266014
9795 266221
9796 266248
9800 266320
9802 266392
9803 266437
9804 266599
9811 266842
9812 266851
9816 266869
9819 266977
9820 267004
9824 267067
9827 267229
9828 267238
9984 267301
9986 267328
9987 267598
9988 267796
10002 267814
10003 268014
10004 268074
10032 268374
10035 268544
10036 268624
10056 268894
10059 268944
10060 269044
10064 269134
10067 269264
10068 269324
10080 269484
10083 270054
10084 270294
10240 270464
10242 270614
10243 270994
10244 271054
10248 271264
10251 271314
10252 271324
10268 271374
10280 271724
10282 271774
10283 271864
10284 272024
10296 272104
10298 272204
10299 272364
10300 272444
10308 272534
10312 272584
10314 272814
10315 273044
10316 273124
10320 273284
10322 273384
10328 273544
10330 273684
10331 273744
10332 273754
10336 273784
10338 273794
10339 273884
10340 273894
10496 273914
10498 273974
10500 274034
10512 274504
10514 274634
10515 274814
10516 274874
10544 275114
10546 275274
10547 275294
10548 275404
10568 275854
10570 275904
10572 275984
10576 276094
10578 276154
10579 276224
10580 276244
10592 276274
10594 276834
10595 277164
10596 277204
10752 277244
10753 277864
10755 277874
10756 277884
10760 278454
10761 278494
10763 278514
10764 278554
10780 278764
10792 279124
10795 279264
10796 279284
10800 279334
10808 279354
10811 279564
10812 279624
10816 279694
10819 280014
10820 280194
10824 280294
10827 280484
10828 280684
10832 280814
10840 280894
10843 280964
10844 281044
10848 281064
11008 281094
11010 281314
11012 281324
11024 282184
11026 282434
11027 282454
11028 282724
11056 282824
11058 283114
11059 283254
11060 283374
11080 283934
11083 283994
11084 284014
11088 284074
11091 284174
11092 284334
11104 284434
11106 284674
11107 284684
11108 284814
0 284914
