8 0
9 15
12 25
16 31
18 43
24 49
26 91
27 211
28 217
32 481
36 487
40 493
42 535
43 559
44 601
48 715
56 721
58 745
59 883
60 907
64 973
66 1045
67 1051
68 1099
72 1117
74 1225
75 1243
76 1267
80 1369
84 1387
88 1393
90 1411
91 1423
92 1429
96 1441
104 1453
106 1467
107 1572
108 1656
128 1726
130 1964
131 2419
132 2636
136 3560
138 3623
139 3700
140 3763
144 3875
160 3882
162 3903
163 3945
164 3980
170 4148
184 4176
186 4260
187 4498
188 4638
192 4764
194 4876
195 5051
196 5156
200 5317
202 5492
203 5751
204 6073
208 6416
210 6633
211 6829
212 6962
216 7053
218 7151
219 7319
220 7410
224 7466
226 7697
227 7858
228 7928
256 7984
258 8138
259 8334
260 8495
264 8789
266 8873
267 8880
268 8894
272 8915
275 8957
276 8978
296 9055
299 9062
300 9069
304 9076
306 9230
307 9454
308 9762
328 10035
330 10091
331 10168
332 10343
336 10434
338 10490
339 10602
340 10637
344 10707
346 10728
347 10742
348 10826
352 10882
355 10917
356 10966
384 10994
386 11064
387 11610
388 11834
416 12450
420 12485
456 12730
458 12877
459 13171
460 13185
464 13283
466 13325
467 13493
468 13570
480 13682
482 13836
483 13892
484 14032
512 14053
520 14060
521 14151
522 14179
523 14256
524 14277
528 14340
530 14459
531 14788
532 14809
552 14886
554 14893
555 14900
556 14956
560 15012
563 15131
564 15138
568 15327
570 15383
571 15411
572 15488
584 15614
587 15691
588 15754
592 15845
595 15880
596 15901
600 15922
603 15971
604 16006
608 16076
610 16132
611 16139
612 16174
640 16209
642 16244
643 16251
644 16356
672 17042
674 17063
675 17105
676 17119
696 17133
699 17329
700 17385
712 17392
715 17483
716 17539
720 17665
724 17798
736 17847
739 17875
740 17994
768 18050
770 18085
771 18092
772 18141
1024 18232
1032 18240
1034 18280
1036 18328
1040 18360
1042 18416
1043 18448
1044 18480
1064 18568
1066 18584
1067 18632
1068 18648
1072 18680
1074 18744
1075 18816
1076 18832
1080 18928
1082 18944
1083 19032
1084 19040
1088 19096
1090 19112
1091 19144
1096 19176
1098 19200
1099 19344
1100 19352
1104 19464
1106 19480
1107 19504
1112 19528
1114 19552
1115 19656
1116 19672
1120 19680
1122 19776
1123 19960
1124 19976
1152 20008
1154 20192
1155 20472
1156 20560
1184 20696
1187 20720
1208 20728
1210 20808
1211 20832
1212 20912
1224 20976
1226 21048
1228 21104
1232 21128
1234 21160
1235 21216
1236 21224
1248 21240
1250 21280
1251 21496
1280 21504
1282 21576
1283 21736
1284 21824
1536 21864
1544 21872
1545 21904
1546 21928
1547 21976
1548 22048
1552 22080
1553 22088
1554 22096
1555 22200
1556 22208
1561 22592
1578 22600
1579 22624
1580 22648
1586 22696
1587 22896
1588 22968
1592 23072
1594 23080
1595 23232
1596 23264
1602 23416
1603 23528
1610 23552
1611 23664
1612 23688
1616 23792
1617 23800
1618 23808
1619 23872
1620 23880
1626 23904
1627 24072
1634 24136
1635 24336
1636 24400
1664 24432
1666 24448
1667 24616
1668 24704
1696 24888
1700 24912
1720 25016
1722 25024
1723 25056
1724 25136
1728 25168
1732 25176
1738 25184
1739 25256
1740 25384
1746 25400
1747 25528
1762 25672
1763 25824
1764 25848
1794 25864
1795 25880
1796 25960
2048 26144
2056 26152
2058 26176
2059 26256
2060 26272
2066 26288
2096 26304
2098 26416
2099 26456
2100 26560
2114 26752
2115 26784
2120 26832
2122 26928
2123 27160
2124 27184
2128 27320
2130 27456
2131 27616
2132 27632
2136 27744
2138 27816
2139 27864
2140 27944
2144 27952
2146 28152
2147 28216
2148 28232
2236 28288
2304 28296
2306 28512
2307 29064
2308 29272
2404 29584
2560 29592
2568 29600
2570 29664
2571 29816
2572 29824
2585 29832
2586 29848
2600 29872
2603 29896
2604 29912
2611 30136
2616 30144
2619 30200
2620 30272
2624 30376
2627 30400
2628 30456
2632 30552
2635 30680
2636 30776
2648 31096
2651 31184
2652 31240
2656 31352
2659 31408
2660 31424
2688 31496
2690 31592
2691 31800
2692 31936
2696 32200
2720 32208
2722 32216
2744 32480
2747 32608
2748 32616
2752 32696
2760 32712
2763 32808
2764 32864
2784 33048
2787 33136
2788 33184
2816 33288
2818 33328
2819 33480
2820 33544
2832 33616
2834 33656
2835 33776
2836 33840
2864 33984
2868 34008
2888 34104
2891 34144
2892 34152
2896 34240
2899 34312
2900 34328
2912 34480
2915 34584
2916 34616
3072 34696
3080 34704
3083 34768
3084 34792
3100 35032
3112 35088
3114 35104
3116 35240
3128 35312
3130 35432
3131 35592
3132 35600
3136 35608
3137 35624
3138 35632
3139 35664
3140 35704
3144 35720
3146 35800
3147 35992
3148 36096
3160 36168
3162 36208
3163 36416
3164 36512
3170 36544
3200 36608
3202 36640
3203 36856
3204 36880
3232 37032
3235 37056
3236 37088
3256 37112
3258 37152
3259 37280
3260 37320
3272 37392
3274 37440
3275 37536
3276 37632
3296 37656
3298 37704
3299 37864
3300 37952
3328 37960
3330 38000
3331 38272
3332 38312
3344 38352
3346 38464
3347 38640
3348 38680
3376 38744
3378 38768
3379 38832
3380 38848
3400 38880
3402 38904
3404 38976
3408 38992
3410 39032
3411 39120
3412 39144
3424 39160
3426 39216
3427 39520
3428 39576
3584 39608
3594 39616
3595 39648
3596 39664
3608 39776
3609 39784
3626 39792
3627 39808
3628 39888
3635 39960
3636 39984
3640 39992
3642 40000
3643 40104
3644 40128
3650 40144
3652 40160
3656 40192
3658 40208
3659 40296
3660 40344
3668 40360
3672 40368
3673 40376
3674 40384
3675 40392
3676 40416
3682 40424
3684 40448
3714 40456
3715 40664
3716 40792
3744 40904
3746 40928
3748 40936
3771 41152
3772 41208
3776 41216
3778 41224
3779 41232
3780 41288
3786 41296
3787 41336
3788 41432
3794 41480
3795 41488
3802 41496
3804 41512
3810 41520
3811 41616
3812 41624
3842 41640
3843 41680
3844 41704
3858 41712
3859 41752
3860 41760
3915 41824
3938 41856
3940 41936
3971 41944
3972 41968
4004 42000
4096 42024
4104 42032
4105 42088
4106 42096
4107 42120
4108 42136
4121 42224
4124 42232
4138 42360
4140 42472
4144 42536
4146 42544
4147 42680
4148 42888
4152 42968
4154 42976
4155 43064
4156 43152
4160 43216
4162 43224
4163 43352
4164 43384
4170 43424
4171 43584
4172 43680
4184 43728
4186 43736
4187 43864
4188 43928
4194 43952
4195 44008
4196 44016
4224 44040
4226 44048
4227 44440
4228 44608
4235 45360
4256 45368
4259 45376
4260 45384
4280 45576
4282 45584
4283 45840
4284 45904
4288 45976
4290 45992
4291 46216
4292 46264
4298 46352
4299 46592
4300 46640
4306 46776
4307 47032
4308 47096
4314 47152
4315 47248
4316 47288
4320 47376
4322 47384
4323 47816
4324 47840
4352 47864
4354 47872
4355 48040
4356 48144
4368 48552
4370 48560
4371 48696
4372 48744
4426 48880
4427 48960
4428 48968
4432 48984
4434 48992
4435 49128
4436 49136
4450 49152
4451 49368
4452 49392
4482 49424
4483 49480
4484 49624
4516 49720
4554 49760
4555 49776
4608 49784
4616 49792
4617 49808
4618 49816
4620 49840
4632 49848
4633 49960
4634 49968
4635 50200
4636 50256
4648 50296
4651 50400
4652 50408
4659 50472
4664 50480
4667 50584
4668 50656
4672 50704
4675 50792
4676 50864
4680 51008
4683 51160
4684 51240
4688 51344
4690 51360
4691 51368
4692 51376
4696 51400
4699 51552
4700 51568
4704 51576
4707 51664
4708 51736
4864 51760
4866 51976
4867 51992
4868 52280
4872 52416
4875 52584
4876 52600
4880 52672
4882 52744
4883 52824
4884 52912
4904 52920
4907 52928
4908 52952
4912 52992
4915 53136
4916 53280
4936 53392
4939 53496
4940 53560
4947 53720
4948 53776
4952 53792
4955 53872
4956 53888
4960 53928
4963 54104
4964 54192
5120 54232
5128 54240
5131 54272
5132 54296
5144 54312
5146 54488
5147 54504
5148 54576
5160 54720
5163 54752
5164 54856
5176 54920
5179 54928
5180 54984
5184 55008
5187 55048
5188 55056
5192 55152
5195 55208
5196 55312
5203 55392
5204 55456
5208 55480
5210 55528
5211 55536
5212 55544
5216 55624
5219 55712
5376 55720
5379 55808
5380 55824
5384 55880
5387 55936
5388 55960
5395 55984
5396 55992
5416 56072
5419 56088
5420 56096
5424 56224
5426 56328
5427 56488
5428 56536
5448 56704
5451 56728
5456 56752
5459 56872
5460 56952
5464 56976
5466 57032
5467 57056
5468 57064
5472 57168
5475 57232
5476 57256
5632 57280
5640 57288
5642 57296
5643 57304
5656 57312
5658 57344
5660 57704
5672 57824
5674 57848
5675 57880
5676 57904
5680 57968
5683 57992
5688 58000
5690 58024
5691 58144
5692 58160
5696 58336
5698 58344
5699 58432
5700 58440
5704 58536
5706 58616
5707 58720
5708 58768
5714 59064
5715 59088
5716 59104
5720 59112
5722 59120
5723 59232
5724 59240
5728 59256
5730 59288
5732 59400
5888 59432
5890 59632
5891 59888
5892 59936
5896 60160
5898 60200
5900 60312
5904 60432
5905 60440
5906 60448
5907 60480
5908 60512
5930 60816
5932 60904
5936 60960
5938 61144
5939 61216
5940 61312
5960 61696
5962 61760
5963 61960
5964 62000
5968 62160
5970 62248
5971 62344
5972 62360
5976 62432
5978 62480
5979 62752
5980 62840
5984 62856
5986 62968
5987 63248
5988 63264
6144 63304
6272 63312
6274 63848
6275 64432
6276 64592
6280 65104
6282 65312
6283 65496
6284 65616
6304 65680
6306 65824
6307 66272
6308 66312
6328 66512
6330 66784
6331 66792
6332 67024
6336 67192
6339 67312
6340 67376
6344 67504
6347 67936
6348 68160
6352 68512
6355 68672
6356 68792
6360 69056
6363 69184
6364 69232
6368 69336
6371 69552
6372 69680
6528 69880
6530 70136
6531 70384
6532 70512
6560 70888
6562 70912
6563 71416
6564 71424
6600 71432
6603 71520
6604 71560
6608 71704
6611 71824
6612 71840
6624 72016
6627 72040
6656 72152
6784 72160
6786 72456
6787 72968
6788 73096
6792 73336
6795 73344
6796 73360
6816 73400
6818 73416
6819 73440
6820 73448
6840 73576
6842 73736
6843 73880
6844 73936
6848 74032
6850 74192
6851 74512
6856 74520
6858 74816
6859 75056
6860 75120
6864 75248
6866 75320
6867 75496
6868 75552
6872 75584
6874 75744
6875 75840
6876 75896
6880 75936
6882 76040
6883 76112
6884 76136
7040 76248
7042 76464
7043 76720
7044 76768
7072 76848
7074 76872
7076 76880
7112 77048
7114 77096
7115 77352
7116 77416
7120 77456
7122 77480
7136 77504
7138 77528
7168 77688
7296 77696
7298 78416
7299 78680
7300 78848
7304 79200
7306 79240
7308 79496
7328 79576
7330 79632
7331 79864
7332 79880
7352 80256
7354 80640
7355 80672
7356 80712
7360 80800
7363 80944
7364 80968
7368 81096
7370 81352
7371 81576
7372 81792
7376 82016
7378 82184
7379 82224
7380 82232
7384 82312
7386 82440
7387 82480
7388 82544
7392 82696
7394 82808
7395 82928
7396 82960
7552 83056
7554 83312
7555 83320
7556 83424
7584 83704
7586 83744
7587 83808
7588 83824
7624 83896
7626 84136
7627 84256
7628 84280
7632 84456
7634 84568
7636 84792
7648 84920
7650 84992
7652 85016
7680 85032
7682 85296
7683 85552
7684 85768
7688 86352
7690 86448
7691 86544
7692 86584
7704 86712
7705 86744
7706 86776
7707 86976
7708 87000
7720 87072
7722 87104
7723 87120
7724 87136
7736 87184
7738 87288
7739 87296
7740 87336
7744 87488
7746 87664
7747 87680
7748 87712
7752 87848
7755 88008
7756 88136
7760 88256
7763 88536
7764 88704
7768 88856
7771 88992
7772 89032
7776 89152
7779 89336
7780 89376
7936 89440
7938 89648
7939 89808
7940 89968
7944 90232
7947 90264
7952 90272
7954 90312
7976 90616
7979 90624
7980 90632
7984 90640
7987 90704
7988 90712
8008 90784
8011 90896
8012 90912
8016 91000
8019 91056
8020 91096
8024 91104
8027 91160
8028 91168
8032 91208
8035 91352
8036 91392
8192 91488
8194 91688
8195 91912
8196 92048
8200 92264
8202 92352
8203 92432
8204 92440
8216 92520
8219 92544
8220 92568
8232 92640
8234 92672
8236 92712
8248 92736
8250 92808
8251 92872
8252 92896
8256 92904
8258 92952
8259 93152
8260 93208
8264 93248
8266 93320
8267 93560
8268 93712
8272 93736
8274 93816
8275 94000
8276 94056
8280 94136
8282 94240
8283 94352
8284 94400
8288 94448
8290 94584
8291 94832
8292 94872
8448 94904
8450 94936
8451 95104
8452 95176
8456 95352
8464 95360
8468 95368
8490 95520
8491 95528
8492 95536
8496 95552
8498 95568
8500 95712
8520 95736
8522 95776
8523 95840
8524 95864
8528 95912
8530 95984
8531 96080
8536 96120
8538 96176
8539 96208
8540 96232
8544 96272
8546 96360
8547 96440
8548 96448
8704 96472
8705 96688
8706 96696
8707 96880
8708 96936
8712 97408
8714 97552
8715 97560
8716 97576
8728 97648
8730 97688
8731 97744
8732 97760
8744 97912
8747 97920
8748 97936
8754 97968
8760 97976
8762 98088
8763 98144
8764 98152
8768 98232
8770 98248
8771 98256
8772 98296
8776 98360
8779 98536
8780 98576
8784 98776
8786 99000
8787 99016
8788 99112
8792 99208
8793 99288
8795 99296
8796 99320
8800 99360
8802 99496
8803 99544
8804 99584
8960 99656
8962 99840
8963 99952
8964 100080
8968 100272
8971 100296
8976 100304
8980 100312
9000 100464
9003 100496
9004 100504
9010 100544
9011 100560
9012 100568
9032 100624
9036 100648
9043 100656
9044 100696
9048 100744
9051 100808
9052 100856
9216 100864
9220 100872
9243 100904
9244 100928
9274 100944
9275 100992
9276 101000
9282 101024
9283 101144
9284 101176
9290 101184
9291 101232
9298 101304
9299 101368
9300 101424
9306 101568
9307 101664
9308 101696
9312 101712
9314 101720
9315 101744
9474 101752
9475 101912
9476 101960
9492 102056
9522 102136
9523 102160
9524 102200
9546 102264
9547 102288
9552 102360
9556 102368
9570 102392
9571 102624
9728 102664
9729 102976
9731 102984
9732 103136
9736 103232
9738 103288
9754 103336
9755 103480
9756 103488
9768 103528
9771 103568
9772 103608
9778 103632
9784 103640
9786 103672
9787 103680
9788 103736
9792 103824
9795 103968
9796 103976
9800 104000
9802 104016
9803 104040
9804 104112
9811 104200
9812 104208
9816 104216
9819 104256
9820 104264
9824 104296
9828 104376
9984 104392
9986 104408
9987 104488
10002 104544
10003 104607
10004 104634
10032 104751
10035 104796
10036 104850
10056 104958
10059 104976
10060 105021
10064 105057
10067 105138
10068 105183
10080 105237
10083 105399
10084 105453
10240 105507
10242 105570
10243 105723
10244 105777
10248 105885
10251 105912
10252 105921
10268 105930
10280 106056
10282 106065
10283 106110
10284 106200
10296 106245
10298 106281
10299 106344
10300 106380
10308 106416
10312 106452
10314 106479
10315 106515
10316 106560
10320 106605
10322 106632
10328 106677
10330 106749
10336 106767
10338 106776
10340 106821
10496 106830
10498 106857
10500 106875
10512 107046
10514 107109
10515 107172
10516 107208
10544 107316
10546 107397
10547 107415
10548 107442
10568 107604
10570 107631
10572 107658
10576 107694
10578 107712
10579 107730
10580 107748
10592 107775
10594 107928
10596 108045
10752 108072
10753 108369
10755 108378
10756 108387
10760 108621
10763 108639
10764 108675
10780 108738
10792 108882
10796 108927
10808 108954
10811 109035
10812 109062
10816 109098
10819 109206
10820 109269
10824 109278
10827 109323
10828 109368
10832 109386
10840 109440
10843 109458
10844 109512
10848 109521
11008 109539
11010 109593
11012 109602
11024 109980
11027 110115
11028 110196
11056 110205
11058 110313
11059 110340
11060 110385
11080 110592
11083 110619
11084 110628
11088 110655
11091 110727
11092 110772
11104 110790
11107 110898
11108 110970
0 111015
