8 0
9 15
12 25
16 31
18 43
24 49
26 91
27 211
28 217
32 481
36 487
40 493
42 535
43 559
44 601
48 715
56 721
58 745
59 883
60 907
64 973
66 1045
67 1051
68 1099
72 1117
74 1225
75 1243
76 1267
80 1369
84 1387
88 1393
90 1411
91 1423
92 1429
96 1441
104 1453
106 1467
107 1572
108 1656
128 1726
130 1964
131 2419
132 2636
136 3560
138 3623
139 3700
140 3763
144 3875
160 3882
162 3903
163 3945
164 3980
170 4148
184 4176
186 4260
187 4498
188 4638
192 4764
194 4876
195 5051
196 5156
200 5317
202 5492
203 5751
204 6073
208 6416
210 6633
211 6829
212 6962
216 7053
218 7151
219 7319
220 7410
224 7466
226 7697
227 7858
228 7928
256 7984
258 8138
259 8334
260 8495
264 8789
266 8873
267 8880
268 8894
272 8915
275 8957
276 8978
296 9055
299 9062
300 9069
304 9076
306 9230
307 9454
308 9762
328 10035
330 10091
331 10168
332 10343
336 10434
338 10490
339 10602
340 10637
344 10707
346 10728
347 10742
348 10826
352 10882
355 10917
356 10966
384 10994
386 11064
387 11610
388 11834
416 12450
420 12485
456 12730
458 12877
459 13171
460 13185
464 13283
466 13325
467 13493
468 13570
480 13682
482 13836
483 13892
484 14032
512 14053
520 14060
521 14151
522 14179
523 14256
524 14277
528 14340
530 14459
531 14788
532 14809
552 14886
554 14893
555 14900
556 14956
560 15012
563 15131
564 15138
568 15327
570 15383
571 15411
572 15488
584 15614
587 15691
588 15754
592 15845
595 15880
596 15901
600 15922
603 15971
604 16006
608 16076
610 16132
611 16139
612 16174
640 16209
642 16244
643 16251
644 16356
672 17042
674 17063
675 17105
676 17119
696 17133
699 17329
700 17385
712 17392
715 17483
716 17539
720 17665
724 17798
736 17847
739 17875
740 17994
768 18050
770 18085
771 18092
772 18141
1024 18232
1032 18240
1034 18280
1036 18328
1040 18360
1042 18416
1043 18448
1044 18480
1064 18568
1066 18584
1067 18632
1068 18648
1072 18680
1074 18744
1075 18816
1076 18832
1080 18928
1082 18944
1083 19032
1084 19040
1088 19096
1090 19112
1091 19144
1096 19176
1098 19200
1099 19344
1100 19352
1104 19464
1106 19480
1107 19504
1112 19528
1114 19552
1115 19656
1116 19672
1120 19680
1122 19776
1123 19960
1124 19976
1152 20008
1154 20192
1155 20472
1156 20560
1184 20696
1187 20720
1208 20728
1210 20808
1211 20832
1212 20912
1224 20976
1226 21048
1228 21104
1232 21128
1234 21160
1235 21216
1236 21224
1248 21240
1250 21280
1251 21496
1280 21504
1282 21576
1283 21736
1284 21824
1536 21864
1544 21872
1545 21904
1546 21928
1547 21976
1548 22048
1552 22080
1553 22088
1554 22096
1555 22200
1556 22208
1561 22592
1578 22600
1579 22624
1580 22648
1586 22696
1587 22896
1588 22968
1592 23072
1594 23080
1595 23232
1596 23264
1602 23416
1603 23528
1610 23552
1611 23664
1612 23688
1616 23792
1617 23800
1618 23808
1619 23872
1620 23880
1626 23904
1627 24072
1634 24136
1635 24336
1636 24400
1664 24432
1666 24448
1667 24616
1668 24704
1696 24888
1700 24912
1720 25016
1722 25024
1723 25056
1724 25136
1728 25168
1732 25176
1738 25184
1739 25256
1740 25384
1746 25400
1747 25528
1762 25672
1763 25824
1764 25848
1794 25864
1795 25880
1796 25960
2048 26144
2056 26152
2058 26176
2059 26256
2060 26272
2066 26288
2096 26304
2098 26416
2099 26456
2100 26560
2114 26752
2115 26784
2120 26832
2122 26928
2123 27160
2124 27184
2128 27320
2130 27456
2131 27616
2132 27632
2136 27744
2138 27816
2139 27864
2140 27944
2144 27952
2146 28152
2147 28216
2148 28232
2236 28288
2304 28296
2306 28512
2307 29064
2308 29272
2404 29584
2560 29592
2568 29600
2570 29664
2571 29816
2572 29824
2585 29832
2586 29848
2600 29872
2603 29896
2604 29912
2611 30136
2616 30144
2619 30200
2620 30272
2624 30376
2627 30400
2628 30456
2632 30552
2635 30680
2636 30776
2648 31096
2651 31184
2652 31240
2656 31352
2659 31408
2660 31424
2688 31496
2690 31592
2691 31800
2692 31936
2696 32200
2720 32208
2722 32216
2744 32480
2747 32608
2748 32616
2752 32696
2760 32712
2763 32808
2764 32864
2784 33048
2787 33136
2788 33184
2816 33288
2818 33328
2819 33480
2820 33544
2832 33616
2834 33656
2835 33776
2836 33840
2864 33984
2868 34008
2888 34104
2891 34144
2892 34152
2896 34240
2899 34312
2900 34328
2912 34480
2915 34584
2916 34616
3072 34696
3080 34704
3083 34768
3084 34792
3100 35032
3112 35088
3114 35104
3116 35240
3128 35312
3130 35432
3131 35592
3132 35600
3136 35608
3137 35624
3138 35632
3139 35664
3140 35704
3144 35720
3146 35800
3147 35992
3148 36096
3160 36168
3162 36208
3163 36416
3164 36512
3170 36544
3200 36608
3202 36640
3203 36856
3204 36880
3232 37032
3235 37056
3236 37088
3256 37112
3258 37152
3259 37280
3260 37320
3272 37392
3274 37440
3275 37536
3276 37632
3296 37656
3298 37704
3299 37864
3300 37952
3328 37960
3330 38000
3331 38272
3332 38312
3344 38352
3346 38464
3347 38640
3348 38680
3376 38744
3378 38768
3379 38832
3380 38848
3400 38880
3402 38904
3404 38976
3408 38992
3410 39032
3411 39120
3412 39144
3424 39160
3426 39216
3427 39520
3428 39576
3584 39608
3594 39616
3595 39648
3596 39664
3608 39776
3626 39784
3627 39800
3628 39880
3635 39952
3636 39976
3640 39984
3642 39992
3643 40096
3644 40120
3650 40136
3652 40152
3656 40184
3658 40200
3659 40288
3660 40336
3668 40352
3672 40360
3673 40368
3674 40376
3675 40384
3676 40408
3682 40416
3684 40440
3714 40448
3715 40656
3716 40784
3744 40896
3746 40920
3748 40928
3771 41144
3772 41200
3776 41208
3778 41216
3779 41224
3780 41280
3786 41288
3787 41328
3788 41424
3794 41472
3795 41480
3802 41488
3804 41504
3810 41512
3811 41608
3812 41616
3842 41632
3843 41672
3844 41696
3858 41704
3859 41744
3860 41752
3915 41816
3938 41848
3940 41928
3971 41936
3972 41960
4004 41992
4096 42016
4104 42024
4105 42080
4106 42088
4107 42112
4108 42128
4121 42216
4124 42224
4138 42352
4140 42464
4144 42528
4146 42536
4147 42672
4148 42880
4152 42960
4154 42968
4155 43056
4156 43144
4160 43208
4162 43216
4163 43344
4164 43376
4170 43416
4171 43576
4172 43672
4184 43720
4186 43728
4187 43856
4188 43920
4194 43944
4195 44000
4196 44008
4224 44032
4226 44040
4227 44432
4228 44600
4235 45352
4256 45360
4259 45368
4260 45376
4280 45568
4282 45576
4283 45832
4284 45896
4288 45968
4290 45984
4291 46208
4292 46256
4298 46344
4299 46584
4300 46632
4306 46768
4307 47024
4308 47088
4314 47144
4315 47240
4316 47280
4320 47368
4322 47376
4323 47808
4324 47832
4352 47856
4354 47864
4355 48032
4356 48136
4368 48544
4370 48552
4371 48688
4372 48736
4426 48872
4427 48952
4428 48960
4432 48976
4434 48984
4435 49120
4436 49128
4450 49144
4451 49360
4452 49384
4482 49416
4483 49472
4484 49616
4516 49712
4554 49752
4555 49768
4608 49776
4616 49784
4617 49800
4618 49808
4620 49832
4632 49840
4633 49952
4634 49960
4635 50192
4636 50248
4648 50288
4651 50392
4652 50400
4659 50464
4664 50472
4667 50576
4668 50648
4672 50696
4675 50784
4676 50856
4680 51000
4683 51152
4684 51232
4688 51336
4690 51352
4691 51360
4692 51368
4696 51392
4699 51544
4700 51560
4704 51568
4707 51656
4708 51728
4864 51752
4866 51968
4867 51984
4868 52272
4872 52408
4875 52576
4876 52592
4880 52664
4882 52736
4883 52816
4884 52904
4904 52912
4907 52920
4908 52944
4912 52984
4915 53128
4916 53272
4936 53384
4939 53488
4940 53552
4947 53712
4948 53768
4952 53784
4955 53864
4956 53880
4960 53920
4963 54096
4964 54184
5120 54224
5128 54232
5131 54264
5132 54288
5144 54304
5146 54480
5147 54496
5148 54568
5160 54712
5163 54744
5164 54848
5176 54912
5179 54920
5180 54976
5184 55000
5187 55040
5188 55048
5192 55144
5195 55200
5196 55304
5203 55384
5204 55448
5208 55472
5210 55520
5211 55528
5212 55536
5216 55616
5219 55704
5376 55712
5379 55800
5380 55816
5384 55872
5387 55928
5388 55952
5395 55976
5396 55984
5416 56064
5419 56080
5420 56088
5424 56216
5426 56320
5427 56480
5428 56528
5448 56696
5451 56720
5456 56744
5459 56864
5460 56944
5464 56968
5466 57024
5467 57048
5468 57056
5472 57160
5475 57224
5476 57248
5632 57272
5640 57280
5642 57288
5643 57296
5656 57304
5658 57336
5660 57696
5672 57816
5674 57840
5675 57872
5676 57896
5680 57960
5683 57984
5688 57992
5690 58016
5691 58136
5692 58152
5696 58328
5698 58336
5699 58424
5700 58432
5704 58528
5706 58608
5707 58712
5708 58760
5714 59056
5715 59080
5716 59096
5720 59104
5722 59112
5723 59224
5724 59232
5728 59248
5730 59280
5732 59392
5888 59424
5890 59624
5891 59880
5892 59928
5896 60152
5898 60192
5900 60304
5904 60424
5905 60432
5906 60440
5907 60472
5908 60504
5930 60808
5932 60896
5936 60952
5938 61136
5939 61208
5940 61304
5960 61688
5962 61752
5963 61952
5964 61992
5968 62152
5970 62240
5971 62336
5972 62352
5976 62424
5978 62472
5979 62744
5980 62832
5984 62848
5986 62960
5987 63240
5988 63256
6144 63296
6272 63304
6274 63840
6275 64424
6276 64584
6280 65096
6282 65304
6283 65488
6284 65608
6304 65672
6306 65816
6307 66264
6308 66304
6328 66504
6330 66776
6331 66784
6332 67016
6336 67184
6339 67304
6340 67368
6344 67496
6347 67928
6348 68152
6352 68504
6355 68664
6356 68784
6360 69048
6363 69176
6364 69224
6368 69328
6371 69544
6372 69672
6528 69872
6530 70128
6531 70376
6532 70504
6560 70880
6562 70904
6563 71408
6564 71416
6600 71424
6603 71512
6604 71552
6608 71696
6611 71816
6612 71832
6624 72008
6627 72032
6656 72144
6784 72152
6786 72448
6787 72960
6788 73088
6792 73328
6795 73336
6796 73352
6816 73392
6818 73408
6819 73432
6820 73440
6840 73568
6842 73728
6843 73872
6844 73928
6848 74024
6850 74184
6851 74504
6856 74512
6858 74808
6859 75048
6860 75112
6864 75240
6866 75312
6867 75488
6868 75544
6872 75576
6874 75736
6875 75832
6876 75888
6880 75928
6882 76032
6883 76104
6884 76128
7040 76240
7042 76456
7043 76712
7044 76760
7072 76840
7074 76864
7076 76872
7112 77040
7114 77088
7115 77344
7116 77408
7120 77448
7122 77472
7136 77496
7138 77520
7168 77680
7296 77688
7298 78408
7299 78672
7300 78840
7304 79192
7306 79232
7308 79488
7328 79568
7330 79624
7331 79856
7332 79872
7352 80248
7354 80632
7355 80664
7356 80704
7360 80792
7363 80936
7364 80960
7368 81088
7370 81344
7371 81568
7372 81784
7376 82008
7378 82176
7379 82216
7380 82224
7384 82304
7386 82432
7387 82472
7388 82536
7392 82688
7394 82800
7395 82920
7396 82952
7552 83048
7554 83304
7555 83312
7556 83416
7584 83696
7586 83736
7587 83800
7588 83816
7624 83888
7626 84128
7627 84248
7628 84272
7632 84448
7634 84560
7636 84784
7648 84912
7650 84984
7652 85008
7680 85024
7682 85288
7683 85544
7684 85760
7688 86344
7690 86440
7691 86536
7692 86576
7704 86704
7705 86736
7706 86768
7707 86968
7708 86992
7720 87064
7722 87096
7723 87112
7724 87128
7736 87176
7738 87280
7739 87288
7740 87328
7744 87480
7746 87656
7747 87672
7748 87704
7752 87840
7755 88000
7756 88128
7760 88248
7763 88528
7764 88696
7768 88848
7771 88984
7772 89024
7776 89144
7779 89328
7780 89368
7936 89432
7938 89640
7939 89800
7940 89960
7944 90224
7947 90256
7952 90264
7954 90304
7976 90608
7979 90616
7980 90624
7984 90632
7987 90696
7988 90704
8008 90776
8011 90888
8012 90904
8016 90992
8019 91048
8020 91088
8024 91096
8027 91152
8028 91160
8032 91200
8035 91344
8036 91384
8192 91480
8194 91680
8195 91904
8196 92040
8200 92256
8202 92344
8203 92424
8204 92432
8216 92512
8219 92536
8220 92560
8232 92632
8234 92664
8236 92704
8248 92728
8250 92800
8251 92864
8252 92888
8256 92896
8258 92944
8259 93144
8260 93200
8264 93240
8266 93312
8267 93552
8268 93704
8272 93728
8274 93808
8275 93992
8276 94048
8280 94128
8282 94232
8283 94344
8284 94392
8288 94440
8290 94576
8291 94824
8292 94864
8448 94896
8450 94928
8451 95096
8452 95168
8456 95344
8464 95352
8468 95360
8490 95512
8491 95520
8492 95528
8496 95544
8498 95560
8500 95704
8520 95728
8522 95768
8523 95832
8524 95856
8528 95904
8530 95976
8531 96072
8536 96112
8538 96168
8539 96200
8540 96224
8544 96264
8546 96352
8547 96432
8548 96440
8704 96464
8705 96680
8706 96688
8707 96872
8708 96928
8712 97400
8714 97544
8715 97552
8716 97568
8728 97640
8730 97680
8731 97736
8732 97752
8744 97904
8747 97912
8748 97928
8754 97960
8760 97968
8762 98080
8763 98136
8764 98144
8768 98224
8770 98240
8771 98248
8772 98288
8776 98352
8779 98528
8780 98568
8784 98768
8786 98992
8787 99008
8788 99104
8792 99200
8793 99280
8795 99288
8796 99312
8800 99352
8802 99488
8803 99536
8804 99576
8960 99648
8962 99832
8963 99944
8964 100072
8968 100264
8971 100288
8976 100296
8980 100304
9000 100456
9003 100488
9004 100496
9010 100536
9011 100552
9012 100560
9032 100616
9036 100640
9043 100648
9044 100688
9048 100736
9051 100800
9052 100848
9216 100856
9220 100864
9243 100896
9244 100920
9274 100936
9275 100984
9276 100992
9282 101016
9283 101136
9284 101168
9290 101176
9291 101224
9298 101296
9299 101360
9300 101416
9306 101560
9307 101656
9308 101688
9312 101704
9314 101712
9315 101736
9474 101744
9475 101904
9476 101952
9492 102048
9522 102128
9523 102152
9524 102192
9546 102256
9547 102280
9552 102352
9556 102360
9570 102384
9571 102616
9728 102656
9729 102968
9731 102976
9732 103128
9736 103224
9738 103280
9754 103328
9755 103472
9756 103480
9768 103520
9771 103560
9772 103600
9778 103624
9784 103632
9786 103664
9787 103672
9788 103728
9792 103816
9795 103960
9796 103968
9800 103992
9802 104008
9803 104032
9804 104104
9811 104192
9812 104200
9816 104208
9819 104248
9820 104256
9824 104288
9828 104368
9984 104384
9986 104400
9987 104480
10002 104536
10003 104599
10004 104626
10032 104743
10035 104788
10036 104842
10056 104950
10059 104968
10060 105013
10064 105049
10067 105130
10068 105175
10080 105229
10083 105391
10084 105445
10240 105499
10242 105562
10243 105715
10244 105769
10248 105877
10251 105904
10252 105913
10268 105922
10280 106048
10282 106057
10283 106102
10284 106192
10296 106237
10298 106273
10299 106336
10300 106372
10308 106408
10312 106444
10314 106471
10315 106507
10316 106552
10320 106597
10322 106624
10328 106669
10330 106741
10336 106759
10338 106768
10340 106813
10496 106822
10498 106849
10500 106867
10512 107038
10514 107101
10515 107164
10516 107200
10544 107308
10546 107389
10547 107407
10548 107434
10568 107596
10570 107623
10572 107650
10576 107686
10578 107704
10579 107722
10580 107740
10592 107767
10594 107920
10596 108037
10752 108064
10753 108361
10755 108370
10756 108379
10760 108613
10763 108631
10764 108667
10780 108730
10792 108874
10796 108919
10808 108946
10811 109027
10812 109054
10816 109090
10819 109198
10820 109261
10824 109270
10827 109315
10828 109360
10832 109378
10840 109432
10843 109450
10844 109504
10848 109513
11008 109531
11010 109585
11012 109594
11024 109972
11027 110107
11028 110188
11056 110197
11058 110305
11059 110332
11060 110377
11080 110584
11083 110611
11084 110620
11088 110647
11091 110719
11092 110764
11104 110782
11107 110890
11108 110962
0 111007
